28852849455458823463439087412707328
28852862291544927308675878989332480
28852865558616097143800006398967808
28852868435893065560599372454952960
28852869114070160810637308381364224
28852878343255486146057870768078848
28852868934118464576041816747409408
28852943569597818480291179759927296
28852868826386619940246610329468928
28852862115793314891991094034169856
28852945568441387509363909148540928
28852945453083935574658279735820288
28852948300189114236593123815849984
28852947979798721360264294947618816
28852949296293039691915977992175616
28852949263815056439700361582739456
28852950165204672510651513144606720
28859280123710443496211174056263680
28859280108491049531917477043240960
